# Number of latitudes
13
# Latitude No. 1
90.000000
# Synthetic observations
    0.767263    0.859921    0.888840    0.908294    0.943055    0.974642  574.456104  360.008440  272.672357  213.789034  166.011331  138.893951  447.729816  308.406126  230.840201  192.790191  163.301676  132.239423
# Latitude No. 2
75.000000
# Synthetic observations
    0.770510    0.865497    0.895329    0.918420    0.957911    0.977583  565.970812  364.015801  293.829499  233.040040  193.180591  155.112424  431.640663  303.534972  246.233748  193.276735  179.946280  158.200203
# Latitude No. 3
60.000000
# Synthetic observations
    0.772051    0.869750    0.901351    0.927708    0.965505    0.977031  578.956137  383.530635  272.075000  228.531412  197.060342  167.941885  443.271921  326.378017  257.646707  217.345210  180.698154  168.913509
# Latitude No. 4
45.000000
# Synthetic observations
    0.772982    0.870459    0.901300    0.929850    0.966566    0.975082  619.976974  394.513155  285.729355  227.394283  200.899449  179.116079  454.579765  321.321818  266.586652  209.627205  186.497510  175.345856
# Latitude No. 5
30.000000
# Synthetic observations
    0.769887    0.869525    0.899726    0.927643    0.963181    0.976068  587.535730  361.900101  277.773882  232.431832  193.014367  158.831431  430.358331  305.335792  256.786584  213.677052  182.121247  161.826584
# Latitude No. 6
15.000000
# Synthetic observations
    0.770166    0.864421    0.896144    0.921557    0.957765    0.975518  589.267548  356.970730  263.955458  218.237708  188.781094  157.893265  457.730204  313.246875  240.983813  210.842525  176.369935  148.137203
# Latitude No. 7
0.000000
# Synthetic observations
    0.768809    0.861325    0.888056    0.908789    0.943570    0.977807  567.549761  370.569396  253.014000  213.076653  166.241945  140.433247  433.377283  300.479011  247.076418  179.292555  166.433538  131.539287
# Latitude No. 8
-15.000000
# Synthetic observations
    0.770144    0.866456    0.895743    0.918561    0.958085    0.977554  570.508812  364.958052  261.576094  228.425552  189.094429  158.900861  431.279682  326.890402  243.915511  208.058216  172.541131  156.115627
# Latitude No. 9
-30.000000
# Synthetic observations
    0.771772    0.867932    0.899416    0.928177    0.963890    0.975713  564.497444  378.095984  293.368028  223.011209  200.213653  170.149917  445.373570  328.121230  252.962399  201.948886  186.336051  164.944471
# Latitude No. 10
-45.000000
# Synthetic observations
    0.772388    0.871624    0.900356    0.929813    0.967319    0.977739  582.310013  354.703738  283.300934  236.380915  200.458817  164.247035  445.138214  314.619763  252.477418  212.595880  193.417455  170.662486
# Latitude No. 11
-60.000000
# Synthetic observations
    0.770528    0.870199    0.900111    0.928001    0.964354    0.976905  606.956563  372.185719  289.563726  211.984660  196.167011  165.869035  440.850231  326.823507  249.525177  212.761692  179.706545  171.378119
# Latitude No. 12
-75.000000
# Synthetic observations
    0.768590    0.866901    0.894555    0.919872    0.958757    0.977134  595.427572  370.546708  284.137880  226.062662  188.294461  150.196856  443.949393  331.884523  254.985193  211.834877  176.851460  149.778810
# Latitude No. 13
-90.000000
# Synthetic observations
    0.768167    0.859010    0.889134    0.906861    0.944627    0.974770  583.898955  359.211645  257.344932  209.535945  164.776851  141.809196  457.950660  309.203527  237.595416  185.243303  170.049678  134.514995
